9.677975592919912939e-01 4.412745600915735644e-01 5.358103155058701050e-01
9.035990576648430528e-01 5.119872763358089829e-01 1.958835006016162450e-01
7.350228985632718537e-01 5.952719904750952695e-01 1.944419133847521963e-01
5.920891529639701334e-01 6.418467016378244239e-01 1.935069134991042883e-01
3.126890019504329210e-01 6.928754610296063987e-01 1.923704830330378868e-01
2.031275719789985557e-01 6.881249249803418344e-01 5.177618167447304298e-01
2.104475383218328277e-01 6.773105080456748306e-01 6.433941168468680916e-01
2.178671066242836574e-01 6.656671601322254883e-01 7.482809385065812835e-01
2.329912092470391438e-01 6.395865520660349857e-01 9.260706093977744136e-01
6.423044349219738658e-01 5.497680051256467193e-01 9.582651433656727002e-01
9.082572436765555812e-01 4.019579072965651645e-01 9.576909250290225328e-01
9.633321742064956394e-01 4.064382564573175705e-01 7.592537599568670581e-01
